feature1,feature2,feature3,feature4,feature5,feature6,target
51,79,84,4,3,8,1
41,12,24,50,77,2,0
96,9,57,54,2,6,1
55,18,53,6,68,89,1
89,77,50,52,56,13,1
4,60,53,3,65,41,0
62,54,18,40,47,43,0
60,68,47,21,80,36,0
65,65,78,98,62,51,1
48,23,94,38,93,14,1
13,96,2,28,53,71,1
52,28,85,46,8,69,1
98,15,84,93,53,29,0
5,79,42,90,33,16,1
87,71,82,10,51,8,1
49,82,25,86,3,24,1
57,63,63,84,11,15,0
78,71,82,15,68,19,1
57,57,22,66,73,11,0
70,31,8,41,52,68,1
49,70,7,88,55,16,1
34,8,44,41,51,27,1
22,33,68,4,8,51,1
70,83,34,100,68,40,1
27,88,37,80,32,44,1
3,44,41,72,85,35,0
9,5,71,61,23,14,1
7,3,90,52,78,12,1
27,16,80,32,59,4,1
94,15,11,34,30,72,1
86,70,86,48,3,55,1
65,11,41,39,42,7,0
92,49,7,3,59,6,0
35,97,63,92,77,42,0
12,23,75,64,68,83,0
22,1,61,45,39,72,0
88,29,18,43,21,6,0