feature1,feature2,feature3,feature4,feature5,feature6_,target
54,71,37,25,47,55,0
46,7,71,46,45,33,1
54,64,18,22,2,45,1
61,30,6,90,45,11,1
32,67,22,28,4,69,1
35,36,40,94,58,26,0
69,38,86,75,57,99,0
23,12,67,8,57,37,1
87,10,76,57,36,19,0
14,93,81,3,99,22,1
26,13,91,62,35,45,1
45,59,80,52,1,6,0
25,5,57,67,51,9,1
61,68,60,40,48,37,1
11,13,58,25,83,76,1
80,6,88,45,68,95,0
22,92,46,57,38,50,1
27,18,41,97,73,67,1
96,89,85,69,18,41,1
42,17,77,53,82,1,0
100,9,96,62,6,88,0
45,17,38,37,28,36,1
46,83,96,81,43,98,1