 Rv3881  , Rv0934, HSPX  , Ag85b , Rv1860,CFP10  ,  Rv1926c , Rv1984 , Rv3841, Rv2875 , H37Rv , HN878  , CDC1551  ,Rv3418c , Rv3507 ,Rv3875,Rv3804c ,Rv3874-Rv3875, Rv2878c  , Rv1099 , Rv3619  , Rv1677 , Rv2220 , Rv2032 , Rv3873 , Rv0054 , Rv1566c ,Rv0129c , Rv1009 , Rv1980 , Rv0831 ,TB-31S
14,14,292,21,21,259,47,125,23,63,61,85,119,31,174,40,16,76,19,1104,355,39,143,29,48,119,41,12,99,79,109,1
915,85,2333,183,59,1089,2376,49,33,58,174,145,127,257,116,58,159,49,1121,53,65,158,47,3921,44,297,192,58,54,159,312,1
40,21,30,79,18,50,23,20,39,43,102,91,93,44,158,26,41,63,47,48,66,55,66,36,36,297,31,18,211,27,87,1
5363,232,23,102,47,75,57,147,44,62,334,371,316,143,116,120,141,68,66,427,50,47,139,82,64,38,48,40,50,42,44,1
678,85,2333,8623,10929,130,63,844,117,15388,297,514,315,24,234,99,3095,95,488,3119,55,511,107,146,323,511,322,3343,1165,78,261,1
14,8,8,22,20,29,15,30,18,40,38,43,24,18,371,9,18,22,35,16854,93,39,78,38,35,51,32,11,269,49,31,1
16,13,12,22,48,67,16,22,48,22,201,138,150,207,206,35,49,158,587,1824,139,51,62,36,167,413,83,13,155,49,43,1
14520,4068,163,123,73,85,55,99,91,139,181,145,142,51,511,152,118,136,324,16,83,51,161,60,98,297,183,112,329,73,58,1
15,69,5,15,10,21,9,47,54,8,20,33,29,28,284,25,18,17,22,25,93,29,15,72,35,172,60,12,155,37,65,1
44,43,20,104,18,32,39,59,27,1253,41,30,58,216,131,38,164,45,48,4347,86,158,139,95,57,306,723,64,1185,62,118,1
33,24,15,104,34,73,40,165,31,55,38,47,93,39,104,65,153,38,58,2423,134,146,122,44,212,452,81,64,329,62,102,1
44,43,23,958,190,49,39,20,32,87,16,33,47,20,133,158,1150,74,30,4347,46,115,251,43,85,83,41,47,1508,73,120,1
19,13,8,13,13,26,12,25,18,40,97,112,62,1792,199,12,18,22,35,11,14,71,28,29,35,44,111,13,1077,84,85,1
5363,21,41,102,104,50,222,44,126,94,826,434,303,40,219,44,146,37,58,296,100,71,26,69,39,346,249,40,1304,52,437,1
20,10,32,30,61,15,13,8,28,12,57,61,48,18,68,10,14,7,15,253,17,18,10,19,24,12,184,12,50,20,43,1
17,11,9,15,33,34,13,101,23,13,235,243,150,103,176,25,15,14,35,72,48,24,19,39,28,510,101,10,210,29,41,1
29,24,20,30,16,50,32,15,44,21,31,58,73,50,142,31,21,29,48,27,38,39,40,27,32,41,72,14,385,106,81,1
96,399,34,119,153,75,68,24,755,57,876,413,240,84,467,275,186,361,262,303,36,77,115,82,83,280,294,135,248,1311,208,1
43,21,105,38,11,66,153,179,25,34,98,88,51,20,693,29,27,38,37,17,18,39,24,32,48,20,115,20,150,70,60,1
678,1522,36,1135,26,69,90,413,35,30,148,125,122,135,77,91,990,81,36,262,109,492,98,102,67,172,52,58,492,45,42,1
1522,3992,3588,54,166,55,25,61,71,54,39,1608,644,182,341,73,37,54,105,2422,39,54,40,81,133,47,71,18,823,52,81,1
1804,2956,39,28,77,135,133,26,133,63,788,413,249,46,906,25,40,24,150,5715,43,44,72,156,35,61,89,29,1341,30,261,1
2948,284,3588,102,43,270,124,24,316,267,943,1608,807,143,826,102,141,54,186,6307,76,145,114,655,83,297,375,52,6596,30,535,1
86,67,23,74,151,61,57,546,25,87,527,419,584,48,826,68,88,81,157,6785,50,219,143,82,125,257,106,53,248,82,102,1
52,14,15,36,143,24,22,26,21,28,78,88,50,21,229,20,45,21,55,23,20,36,21,27,39,37,41,19,34,73,58,1
178,61,19,4385,23,74,64,413,118,80,826,414,311,24,263,49,1424,52,110,91,105,47,60,49,33,306,34,100,1304,1672,163,1
95,148,40,72,43,163,138,74,49,56,132,145,91,1792,139,23,100,24,488,141,39,85,139,49,103,413,81,40,329,188,349,1
45,14962,331,2364,26,3903,305,49,323,408,441,628,316,667,779,121,2184,74,1121,31,166,81,289,60,353,7108,370,190,1084,2101,113,1
357,57,646,168,151,89,55,67,25,40,106,163,125,207,511,31,172,64,113,91,697,459,101,81,212,253,215,74,137,207,95,1
126,57,7293,278,142,70,114,646,23,128,235,1344,509,184,484,56,1150,100,157,101,116,171,289,40,133,691,183,297,431,192,81,1
197,52,30,7511,3794,51,73,76,1202,2053,208,251,195,564,97,239,8074,282,139,431,70,233,161,73,323,2595,370,3343,33,5646,162,1
16,13,17,28,18,25,17,25,12,41,102,76,50,44,66,10,14,17,23,17,12,36,24,19,31,41,183,10,441,33,35,1
27,9,8,20,91,27,10,16,28,11,48,43,38,109,55,25,14,17,27,15,17,14,13,18,15,17,246,7,50,50,41,1
1625,6383,95,123,77,55,222,44,77,118,208,178,235,85,484,35,159,41,59,101,124,68,61,81,73,691,166,82,227,78,31,1
4030,33,10,407,950,87,25,58,32,87,257,210,142,246,413,43,1150,55,110,2578,109,141,69,44,94,90,50,42,431,78,118,1
26,8,6,21,58,22,8,24,15,14,89,77,48,319,55,9,26,24,43,4280,93,20,10,16,44,54,307,21,37,73,85,1
40,9,9,12,34,27,15,30,18,20,39,37,36,1165,94,16,12,16,35,60,17,30,13,20,19,32,40,14,89,26,27,1
25,31,16,45,25,59,40,50,86,49,206,144,75,45,131,58,72,37,58,1702,53,49,46,47,83,115,72,36,150,77,58,1
446,4477,575,4385,76,113,55,41,76,92,857,645,315,210,768,158,8074,73,147,26,55,134,86,95,81,47,322,443,274,281,199,1
1386,57,1507,272,118,89,114,57,51,26,128,202,235,257,97,35,96,39,70,49,65,83,47,113,85,115,89,78,1207,62,120,1
40,21,28,26,36,36,40,62,23,49,97,112,84,48,139,31,38,35,42,45,30,62,46,30,66,37,31,29,29,42,58,1
9846,25,31,72,32,25,27,59,41,40,159,100,113,49,351,37,88,41,59,4727,48,49,26,44,48,381,49,17,1424,37,120,1
12,11,8,26,15,15,9,33,20,8,26,35,58,13,160,25,17,17,12,13,16,19,14,18,18,45,33,8,15,25,25,1
17,5128,17,108,25,87,39,51,73,56,134,104,122,125,192,29,153,41,66,17,86,48,76,40,36,149,81,58,188,79,122,1
27,34,20,60,16,32,23,27,29,944,40,30,60,1137,154,26,45,20,31,21,34,48,41,43,48,78,166,31,45,16,59,1
95,86,21,38,153,1089,373,513,78,39,476,297,220,54,768,30,72,64,1121,3601,50,114,40,39,126,413,837,53,775,652,208,1
13,8,278,22,14,25,74,15,25,34,28,27,24,13,241,14,21,41,37,176,355,36,27,27,36,15,63,13,188,70,38,1
4030,232,23,276,384,195,218,638,803,128,559,343,202,2439,1149,112,1150,264,324,311,43,511,289,224,225,2595,370,82,291,93,261,1
171,61,5890,30,151,89,13,112,68,22,208,1770,807,38,459,24,21,21,70,5949,73,71,52,211,88,149,375,12,564,99,95,1
25,71,42,24,80,32,74,35,49,30,24,33,27,35,229,22,25,20,58,28,43,45,35,43,43,26,74,11,118,77,42,1
178,50,30,4385,26,74,64,43,628,81,300,350,91,235,241,650,6549,375,161,16,187,171,115,117,167,795,355,624,1805,4008,511,1
10408,4068,14,40,13,101,68,41,49,12,173,144,103,5325,141,29,63,29,110,39,45,77,52,65,15,116,121,40,89,45,201,1
7665,33,24,407,16,59,42,99,42,58,16,28,22,15,59,56,352,35,36,5785,37,48,179,135,66,68,58,131,90,79,50,1
197,1522,575,7511,7108,65,350,51,924,763,245,230,186,176,259,239,3095,174,186,82,36,431,161,595,2790,2595,370,3491,1007,5209,35,1
15,15,17,35,98,25,17,42,39,58,30,30,53,35,142,28,27,20,53,30,20,65,19,32,35,42,27,17,58,26,41,1
2525,284,3588,190,47,195,16,26,95,56,876,1608,727,179,394,18,348,11,207,165,134,54,101,153,167,872,3976,78,1856,1672,184,1
21,31,9,958,190,166,30,43,32,87,102,76,113,246,1114,37,435,35,103,4433,105,115,68,44,85,467,767,25,1185,82,312,1
1490,3992,77,246,166,110,55,49,72,46,181,114,85,123,158,43,51,37,120,30,66,58,56,52,73,54,155,84,678,106,162,1
11,7,7,21,40,21,8,9,35,11,25,33,36,402,141,13,22,22,23,15,31,14,43,9,56,17,29,11,1026,24,26,1
11,42,7,45,11,54,54,44,119,56,39,48,34,319,131,43,45,37,47,60,34,54,25,40,35,26,41,23,118,42,437,1
9702,7292,131,132,32,178,118,102,35,28,82,91,93,41,158,75,86,80,32,4727,65,82,485,49,33,131,93,47,21,62,90,1
9846,12154,66,5733,26,3903,100,43,1202,763,719,413,89,49,263,239,4444,29,1121,53,1294,115,56,50,47,869,166,606,942,6824,860,1
24,20,9,20,25,60,30,1227,23,769,68,79,85,216,139,20,22,22,43,27,22,75,27,111,41,46,660,29,266,62,136,0
15,69,6,45,9,20,51,36,21,80,30,46,56,402,133,58,52,37,125,17,67,79,25,14,56,527,33,17,1424,477,118,0
10320,7292,27,35,75,149,92,41,196,42,857,461,311,6332,1165,275,63,375,587,11274,53,77,31,138,52,129,85,37,291,1311,67,0
27,568,13,2364,190,75,64,43,203,49,788,628,315,1329,1149,43,1328,41,51,303,166,91,59,138,167,149,837,591,154,1672,151,0
10,11,9,13,11,15,22,19,28,20,16,35,36,62,229,9,14,14,9,4280,13,24,31,44,36,41,100,13,441,60,48,0
11,10,8,54,13,19,6,27,15,188,27,37,58,139,128,32,34,16,35,61,48,34,20,16,59,142,723,20,1185,73,90,0
67,25,23,33,19,32,40,40,34,30,38,60,60,35,131,26,39,39,47,48,19,48,43,71,35,37,52,20,381,201,87,0
9380,3890,510,58,134,101,74,41,126,92,788,525,297,125,768,37,51,47,30,296,83,145,60,39,81,527,166,63,2817,3825,367,0
67,82,21,119,161,74,90,173,36,87,527,350,256,69,343,105,118,30,106,40,22,68,70,81,65,44,49,74,2604,106,120,0
10408,15418,331,5733,3794,1015,10785,656,628,128,397,514,345,5325,281,239,6021,29,983,5301,187,62,86,121,204,4041,183,3491,1805,4008,84,0
16,14,8,33,13,51,16,50,17,7,98,62,83,19,33,26,38,63,35,120,23,45,27,36,42,27,57,20,441,72,27,0
19,10,27,26,35,12,13,22,43,11,102,62,62,96,62,17,32,20,25,15,16,24,11,22,31,21,147,19,23,92,45,0
9,11,8,16,24,13,16,19,17,9,89,77,119,34,226,9,18,22,12,17,15,36,27,20,21,41,36,13,106,26,27,0
17,12,62,16,50,27,15,36,41,13,26,30,29,18,177,22,14,17,53,6070,114,16,13,25,32,541,307,13,210,38,43,0
14520,15418,66,40,73,1015,131,39,73,46,719,414,394,49,774,57,96,46,69,49,65,145,52,138,68,536,106,46,2190,281,196,0
9702,6502,163,27,73,65,25,546,91,49,53,48,86,217,241,28,44,52,36,60,18,60,62,44,133,37,115,14,370,37,1053,0
37,34,30,24,20,32,39,27,29,34,102,112,69,28,241,13,19,13,37,48,17,39,43,37,45,55,69,10,208,78,42,0
95,67,1507,107,100,296,124,31,227,37,876,514,394,262,532,102,141,60,32,296,73,114,59,3921,44,51,244,135,274,281,278,0
67,25,105,3866,816,50,573,35,194,70,300,216,153,564,570,158,5838,74,152,82,37,101,143,44,73,511,95,190,1007,205,278,0
12,7,7,21,14,50,8,38,41,10,56,48,160,402,164,24,18,18,58,192,14,19,11,20,15,16,74,10,1077,17,20,0
10,9,14,22,15,18,13,14,43,40,28,29,62,14,216,20,20,12,26,35,14,71,29,43,50,27,922,10,564,73,48,0
13,9,292,18,17,27,25,16,44,21,14,22,15,26,139,24,14,17,50,33,157,39,20,19,32,54,74,13,60,30,540,0
24,13,17,29,196,24,22,16,43,13,31,53,48,35,55,29,18,37,48,48,33,24,14,19,30,55,41,13,58,30,49,0
10,11,7,21,28,18,19,24,28,20,97,62,119,315,191,1162,17,174,364,192,18,92,31,33,36,413,5477,10,2057,80,45,0
13344,3890,27,102,134,87,26,41,119,79,857,628,240,5325,1711,57,164,46,488,26,45,91,89,82,57,413,767,47,553,30,535,0
21,71,646,42,161,166,25,198,42,40,127,202,185,115,341,152,96,188,364,1702,66,219,62,1168,65,130,93,64,348,82,95,0
33,561,83,2364,1200,65,36,51,191,79,826,434,584,210,147,43,1328,45,36,3119,116,48,77,14,47,1584,1822,624,154,4581,49,0
32,34,28,24,22,49,39,35,86,49,39,48,59,39,241,28,18,37,40,45,22,37,43,27,56,27,64,13,50,77,1053,0
52,49,20,2000,176,58,54,44,924,270,687,461,240,235,263,36,545,41,37,64,379,68,59,48,48,244,100,912,1084,78,58,0
5363,39,24,72,104,92,22,182,42,72,292,186,256,54,741,68,41,54,157,2273,62,41,114,32,125,47,106,17,698,38,102,0
27,21,9,38,196,103,27,193,17,12,68,61,85,28,55,20,45,44,30,15,16,38,41,29,15,42,73,19,54,123,96,0
52,86,83,75,25,205,32,217,90,30,208,178,213,41,558,168,194,11,19,61,65,114,37,72,126,116,106,53,90,258,304,0
12,11,9,29,33,13,18,22,21,12,158,100,264,19,339,25,38,62,26,49,14,30,23,15,52,381,63,14,1424,27,30,0
66,56,25,72,143,51,62,44,49,54,40,55,113,32,1114,57,34,21,66,115,66,41,50,43,44,51,106,20,579,368,43,0
126,84,83,151,36,75,77,106,28,30,148,134,215,258,192,172,111,223,205,6340,18,92,102,95,133,263,106,66,421,62,118,0
2525,39,10,190,128,75,57,67,73,1253,134,124,142,216,1114,87,72,35,105,218,41,91,114,135,152,38,335,112,823,51,2035,0
37,147,83,42,25,384,124,66,618,81,544,346,91,207,394,136,54,115,410,39,62,51,70,25,94,2595,294,40,274,208,196,0
14,10,8,15,10,19,17,33,16,27,27,33,29,13,128,16,18,17,23,13,31,36,28,22,21,21,70,11,106,30,35,0
49,82,256,75,103,56,350,121,618,336,39,55,83,139,229,112,13,74,66,13,59,74,105,117,62,795,370,10,636,192,49,0
17,14,15,38,48,54,15,15,39,20,25,30,47,15,142,17,45,41,61,8267,61,39,38,29,42,27,195,29,97,73,106,0
22,18,23,20,25,60,29,179,27,58,292,253,220,40,309,40,23,47,48,427,55,35,20,111,39,279,48,13,175,37,136,0
24,20,15,41,16,33,27,62,26,19,20,35,72,39,131,87,34,24,58,17,24,66,27,30,41,37,64,23,208,16,60,0
1522,149,77,54,166,202,2376,127,126,99,367,216,207,538,459,23,129,25,32,2422,18,68,28,55,45,259,223,40,950,115,113,0
12,9,8,21,28,22,17,36,22,20,26,29,119,50,309,29,18,37,35,81,11,32,27,20,15,381,60,13,834,33,48,0
10,11,7,25,9,12,9,59,21,10,41,43,43,28,80,14,14,16,25,479,22,29,10,12,18,44,100,8,25,29,26,0
1522,6383,2333,5733,3794,113,55,43,81,79,801,624,311,135,467,1297,6021,11,66,3119,105,58,31,40,334,371,374,3343,1341,4008,196,0
26,18,9,79,58,20,9,42,19,1253,16,33,53,109,216,18,45,24,37,45,66,17,60,29,45,467,110,17,106,34,93,0
18,13,9,28,13,51,9,38,18,11,39,55,50,15,137,25,17,22,35,40,14,30,10,9,17,45,101,7,50,20,25,0
103,86,23,30,35,81,26,164,91,21,208,230,213,184,269,44,38,30,51,296,36,79,46,42,94,47,64,14,50,124,69,0
47,8,12,21,278,44,9,76,31,17,156,99,86,90,549,29,14,35,59,17,28,20,23,29,50,103,111,8,823,34,30,0
9380,25,41,1453,23,66,350,546,61,23,38,53,127,76,206,65,1006,38,58,28,73,68,66,250,64,354,57,443,421,2101,35,0
25,18,8,19,196,67,12,38,41,12,26,27,27,39,33,25,16,17,58,28,12,19,16,17,21,46,184,12,121,24,44,0
4030,39,10,58,38,51,62,44,33,270,257,210,91,46,131,44,46,39,47,72,45,41,52,25,85,279,100,23,329,109,114,0
915,57,42,226,142,47,222,44,133,99,208,213,125,48,570,29,159,47,59,141,87,81,53,64,32,467,208,116,834,132,184,0
14,15,292,35,14,22,74,42,36,21,15,27,53,15,324,99,34,16,33,6070,114,41,46,37,85,128,33,23,1177,115,85,0
14,10,8,16,11,34,17,231,41,34,38,48,34,15,94,24,13,13,53,13,10,26,17,44,25,19,60,13,210,52,43,0
109,61,23,455,26,58,35,76,59,55,234,184,103,28,108,63,699,73,99,2578,31,54,122,649,33,259,59,42,97,48,53,0
29,147,40,24,153,163,153,168,755,42,559,315,279,74,394,136,39,113,324,11274,596,206,31,55,66,176,52,12,2190,188,4991,0
102,399,47,78,64,163,138,99,44,53,252,213,167,85,281,119,194,52,176,262,38,93,68,50,96,38,115,47,186,183,90,0
6933,33,41,521,26,97,63,67,61,48,257,186,103,257,158,65,250,55,125,55,167,93,60,63,245,54,31,297,55,88,95,0
17,11,32,29,100,20,25,29,12,28,26,24,20,58,139,21,21,11,22,436,93,29,16,25,24,149,124,12,37,50,37,0
178,242,358,4385,1200,163,63,844,203,128,270,210,213,1792,341,650,5838,282,364,5301,166,511,289,424,47,849,697,190,431,61,535,0